846
930
685
800
340
223
196
766
590
982
11
541
553
470
600
306
438
790
950
554
900
979
61
750
500
311
301
168
448
319
948
58
234
125
566
167
330
438
842
577
47
599
198
663
76
71
830
669
880
657
311
614
47
61
454
573
933
848
206
755
68
798
250
923
757
402
49
315
504
236
163
189
30
435
641
646
177
900
980
891
30
165
176
230
865
602
401
415
678
753
623
546
103
64
968
366
745
674
237
709
696
381
667
271
571
875
816
622
233
711
904
778
954
252
220
301
795
479
164
810
423
464
266
770
645
238
21
957
331
671
435
86
694
498
475
415
188
820
633
355
570
319
171
921
197
832
730
835
539
940
589
616
54
122
537
898
803
663
326
176
771
377
402
335
829
543
755
735
157
143
14
405
886
990
445
948
514
106
367
105
177
796
900
863
72
648
252
117
491
815
819
721
745
413
678
533
791
622
636
569
972
604
30
883
231
658
899
318
227
371
454
437
13
966
104
920
551
395
685
935
160
973
935
478
75
947
38
29
636
600
238
742
354
340
185
171
526
591
355
501
902
21
301
990
91
228
350
621
558
537
945
531
405
527
766
934
419
986
963
299
45
315
97
748
79
571
458
535
85
396
647
736
931
377
91
91
350
303
201
210
212
408
401
452
491
943
367
267
357
435
584
445
618
295
845
603
417
906
364
474
592
946
510
714
287
385
195
902
131
652
661
878
875
353
467
140
259
453
94
145
661
260
846
644
934
823
470
402
813
495
616
92
944
759
653
181
636
