221
562
247
635
135
293
454
164
192
436
466
579
25
942
203
554
902
187
427
422
701
491
708
204
703
694
785
439
90
318
198
686
867
134
53
276
494
920
59
328
782
24
144
327
688
530
677
349
423
552
423
705
286
489
760
911
839
419
410
881
788
192
453
438
887
818
103
735
534
367
24
39
374
254
887
552
413
360
138
909
595
823
375
667
917
737
24
849
176
567
822
674
591
434
275
768
488
675
265
802
144
547
78
302
97
682
748
84
954
203
455
578
902
78
684
104
270
304
627
826
809
567
94
569
187
141
173
807
548
221
205
257
567
798
737
758
917
806
857
262
613
300
764
555
770
600
837
785
16
98
893
738
542
840
242
943
712
532
281
679
18
309
704
492
745
771
742
493
615
781
357
771
169
22
379
64
566
549
821
313
532
911
154
28
78
503
606
677
220
577
745
382
985
649
817
467
221
628
866
775
173
68
529
137
629
673
218
105
440
810
875
974
760
976
66
85
879
98
483
586
744
588
591
907
981
935
906
579
444
766
787
112
671
274
607
874
861
739
209
887
700
154
325
511
374
546
870
678
576
364
441
459
259
409
534
681
83
873
971
840
531
455
455
392
841
105
344
558
405
600
817
110
381
723
817
677
789
52
559
46
554
916
834
543
793
709
124
573
84
218
491
676
783
220
674
47
853
856
753
978
214
745
90
329
657
99
273
490
921
266
745
311
816
936
565
141
257
223
399
510
13
218
475
458
912
550
443
11
348
343
117
732
214
462
134
139
598
