456
682
247
106
953
293
454
886
592
436
741
727
341
942
203
554
902
187
956
847
935
978
708
204
703
14
646
397
540
848
198
686
867
134
824
437
494
920
59
328
782
247
487
327
117
530
677
529
423
521
423
381
286
347
760
746
839
577
393
364
788
94
292
438
70
184
586
202
534
367
24
485
556
254
224
552
413
397
138
909
180
823
285
735
934
48
458
118
176
567
555
522
591
434
245
768
488
675
618
802
144
547
78
409
140
682
748
84
909
203
335
578
830
78
920
309
270
906
627
692
183
632
94
261
631
141
357
889
548
675
205
141
49
798
737
758
917
34
85
262
613
300
764
555
241
600
960
785
226
411
289
738
225
840
242
943
819
532
281
815
18
479
704
961
745
556
742
206
445
781
357
771
662
689
680
64
566
528
205
313
532
800
188
540
31
823
879
677
220
216
540
152
280
913
40
467
619
114
951
172
244
68
529
813
893
673
725
317
222
810
928
974
657
498
66
57
879
98
483
222
744
588
591
907
981
316
906
579
444
766
787
583
671
274
673
73
861
739
209
286
495
400
861
552
947
214
516
214
549
364
441
459
277
409
534
534
456
871
911
840
531
599
455
38
841
105
801
491
563
410
671
456
858
723
480
677
249
52
911
46
960
916
834
543
685
552
723
155
59
218
491
676
361
220
965
285
853
859
55
893
214
400
624
329
458
99
273
490
619
266
745
311
735
936
792
141
257
302
301
510
13
218
475
458
912
152
136
11
348
343
117
92
259
630
134
139
598
