846
19
930
100
21
800
340
12
463
766
590
545
260
11
541
553
196
647
611
401
728
270
323
950
554
900
180
915
979
878
52
843
797
419
311
301
168
812
448
53
319
307
541
498
688
566
167
609
36
197
364
733
876
677
78
605
18
984
928
427
599
733
198
756
76
958
489
556
669
971
862
573
657
428
105
614
121
403
452
61
954
573
776
649
848
206
755
215
798
250
237
655
757
402
49
315
523
736
240
875
189
30
528
43
164
826
641
325
393
103
900
55
593
139
968
30
660
176
95
230
865
602
411
987
401
415
852
37
323
623
546
878
407
401
968
786
738
94
705
237
59
542
799
916
271
50
571
534
183
258
599
233
350
904
21
954
682
220
301
919
479
986
167
810
810
162
423
464
587
770
818
645
145
21
949
957
725
821
97
671
397
546
133
86
165
694
924
918
27
634
126
425
386
319
490
938
528
820
633
748
186
663
199
108
17
825
197
807
73
730
980
158
58
736
706
539
940
589
55
54
736
100
444
233
196
605
619
535
833
687
803
672
52
567
790
176
710
514
377
150
335
477
543
251
174
735
55
157
76
398
36
422
886
990
445
779
363
276
399
899
645
106
367
928
664
816
796
939
900
609
863
72
648
252
507
850
891
815
819
721
745
488
413
678
214
779
259
791
622
636
569
972
520
156
925
883
231
389
899
318
688
227
985
446
799
448
454
764
13
966
15
362
513
920
662
398
55
935
208
462
548
298
656
86
279
972
947
216
550
107
557
980
515
71
20
708
983
742
680
966
894
185
171
410
138
146
501
902
260
21
301
990
918
30
811
91
60
228
887
350
193
621
145
558
312
854
458
100
900
405
359
740
934
419
986
961
963
211
767
245
839
911
619
315
811
748
88
545
458
535
202
85
396
125
647
260
736
598
71
564
319
473
534
383
931
281
795
256
931
91
126
182
283
501
350
678
102
201
275
212
580
989
944
815
169
248
848
390
491
943
367
841
267
357
344
649
333
618
267
389
845
603
757
906
364
474
576
370
286
946
484
510
850
287
949
67
306
798
131
730
555
679
830
875
529
467
988
487
484
986
453
678
10
94
808
23
58
639
54
770
529
136
823
470
219
240
42
768
776
809
273
92
917
944
759
610
15
451
442
465
