456
980
682
766
247
106
953
293
454
886
592
436
731
741
727
341
942
203
965
554
902
864
187
956
847
935
192
512
978
708
738
23
204
703
14
646
397
680
540
706
848
198
686
867
134
824
437
94
36
494
920
698
59
328
757
466
81
40
50
782
247
112
487
327
117
530
558
677
529
336
20
423
521
412
423
381
521
286
286
347
760
746
839
124
577
393
364
788
94
292
601
438
70
184
586
202
534
367
24
185
485
556
969
254
290
345
224
190
552
413
397
138
909
926
954
180
823
285
915
735
934
48
477
981
458
118
176
567
285
555
522
880
591
434
245
726
768
488
675
618
802
144
547
78
409
294
140
682
748
84
485
909
203
335
578
830
78
920
309
270
906
627
122
664
692
981
183
632
94
261
51
631
141
357
138
889
399
548
790
675
874
205
521
141
427
49
846
425
956
798
879
737
338
510
758
969
917
34
85
262
373
146
613
300
764
555
241
600
934
960
976
829
785
586
804
226
411
289
738
225
793
332
413
840
989
329
242
943
469
226
819
532
61
623
281
815
790
18
479
704
961
745
556
832
742
206
151
445
781
833
357
771
662
689
680
92
64
295
113
542
566
528
205
313
532
862
800
870
188
420
540
31
823
879
677
743
220
216
540
152
280
479
913
40
467
132
519
619
114
951
172
244
283
68
529
813
893
673
725
317
82
222
810
414
901
198
928
974
657
498
66
773
420
57
879
98
483
222
89
744
588
312
27
591
907
981
316
906
374
579
444
458
479
766
976
928
787
583
966
671
274
673
73
861
739
209
286
495
192
400
861
552
908
127
935
947
625
214
375
516
610
214
497
549
364
840
441
459
937
277
409
534
534
456
871
14
911
25
937
460
193
840
531
599
455
38
841
105
801
491
835
563
410
273
671
46
456
962
388
558
944
484
808
451
858
723
694
385
33
480
677
291
832
38
249
603
52
911
46
960
375
10
844
916
834
553
543
854
685
552
723
95
155
59
218
491
676
361
220
668
965
285
853
859
55
893
602
171
214
400
559
624
329
458
99
50
273
490
619
266
745
311
491
735
936
792
141
98
257
24
302
807
823
301
946
983
510
13
218
475
458
912
152
136
253
765
11
348
368
343
117
92
914
259
630
134
14
139
598
263
