846
930
21
800
340
12
463
766
590
545
11
541
553
196
647
401
728
323
950
554
900
979
878
797
419
311
301
168
448
319
307
541
498
688
566
167
197
364
876
677
427
599
198
756
76
958
556
669
573
657
105
614
403
61
954
573
776
848
206
755
215
798
250
655
757
402
49
315
523
736
240
189
30
43
641
393
103
900
55
593
30
660
176
230
865
602
401
415
852
37
623
546
407
401
968
738
94
705
237
59
542
799
916
271
571
534
183
258
233
350
904
21
954
682
220
301
919
479
986
810
423
464
587
770
645
145
21
957
821
671
546
86
694
634
425
490
528
820
633
748
199
108
17
825
197
807
730
58
539
940
589
55
54
233
619
535
803
672
790
176
514
377
150
335
477
543
174
735
157
76
36
422
886
990
445
363
645
106
367
928
664
796
900
863
72
648
252
507
891
815
819
721
745
413
678
214
791
622
636
569
972
156
925
883
231
389
899
318
227
985
454
764
13
966
15
920
662
398
55
935
462
548
86
279
972
947
216
107
557
71
983
742
966
894
185
171
410
138
146
501
902
21
301
990
91
228
350
621
558
312
458
100
405
359
740
934
419
986
963
911
619
315
811
748
88
545
458
535
85
396
647
736
931
281
91
126
350
102
201
275
212
815
169
848
491
943
367
267
357
344
649
333
618
267
845
603
757
906
364
474
286
946
510
850
287
949
306
798
131
730
555
679
875
529
467
988
484
453
94
58
639
54
770
529
136
823
470
42
768
809
273
92
944
759
610
451
442
