221
73
562
274
247
635
135
293
454
164
192
436
420
466
579
25
942
203
949
554
902
525
187
427
422
701
866
543
491
708
282
841
204
703
694
785
439
561
90
91
318
198
686
867
134
53
276
638
971
494
920
49
59
328
134
135
988
882
882
782
24
191
144
327
688
530
671
677
349
341
851
423
552
18
423
705
394
286
711
489
760
911
839
290
419
410
881
788
192
453
293
438
887
818
103
735
534
367
24
634
39
374
676
254
741
120
887
581
552
413
360
138
909
79
53
595
823
375
184
667
917
737
385
11
24
849
176
567
830
822
674
23
591
434
275
450
768
488
675
265
802
144
547
78
302
938
97
682
748
84
582
954
203
455
578
902
78
684
104
270
304
627
915
770
826
192
809
567
94
569
466
187
141
173
839
807
105
548
43
221
620
205
822
257
290
567
266
433
485
798
766
737
425
214
758
239
917
806
857
262
971
60
613
300
764
555
770
600
20
837
46
153
785
689
348
16
98
893
738
542
303
984
839
840
215
573
242
943
501
196
712
532
940
274
281
679
942
18
309
704
492
745
771
917
742
493
312
615
781
514
357
771
169
22
379
502
64
976
634
305
566
549
821
313
532
905
911
11
154
520
28
78
503
606
677
196
220
577
745
382
985
358
649
817
467
843
669
221
628
866
775
173
739
68
529
137
629
673
218
105
100
440
810
289
260
717
875
974
760
976
66
980
403
85
879
98
483
586
807
744
588
38
552
591
907
981
935
906
345
579
444
830
155
766
31
269
787
112
554
671
274
607
874
861
739
209
887
700
821
154
325
511
11
821
170
374
265
546
715
870
665
678
600
576
364
310
441
459
150
259
409
534
681
83
873
916
971
139
354
289
861
840
531
455
455
392
841
105
344
558
223
405
600
818
817
678
110
619
53
227
807
59
488
155
381
723
182
320
584
817
677
760
153
479
789
266
52
559
46
554
169
989
40
916
834
784
543
334
793
709
124
881
573
84
218
491
676
783
220
299
674
47
853
856
753
978
58
96
214
745
112
90
329
657
99
719
273
490
921
266
745
311
643
816
936
565
141
414
257
969
223
492
835
399
248
21
510
13
218
475
458
912
550
443
905
793
11
348
823
343
117
732
28
214
462
134
988
139
598
686
