456 846 221 846
682 930 562 930
247 685 247 21
106 800 635 800
953 340 135 340
293 223 293 12
454 196 454 463
886 766 164 766
592 590 192 590
436 982 436 545
741 11 466 11
727 541 579 541
341 553 25 553
942 470 942 196
203 600 203 647
554 306 554 401
902 438 902 728
187 790 187 323
956 950 427 950
847 554 422 554
935 900 701 900
978 979 491 979
708 61 708 878
204 750 204 797
703 500 703 419
14 311 694 311
646 301 785 301
397 168 439 168
540 448 90 448
848 319 318 319
198 948 198 307
686 58 686 541
867 234 867 498
134 125 134 688
824 566 53 566
437 167 276 167
494 330 494 197
920 438 920 364
59 842 59 876
328 577 328 677
782 47 782 427
247 599 24 599
487 198 144 198
327 663 327 756
117 76 688 76
530 71 530 958
677 830 677 556
529 669 349 669
423 880 423 573
521 657 552 657
423 311 423 105
381 614 705 614
286 47 286 403
347 61 489 61
760 454 760 954
746 573 911 573
839 933 839 776
577 848 419 848
393 206 410 206
364 755 881 755
788 68 788 215
94 798 192 798
292 250 453 250
438 923 438 655
70 757 887 757
184 402 818 402
586 49 103 49
202 315 735 315
534 504 534 523
367 236 367 736
24 163 24 240
485 189 39 189
556 30 374 30
254 435 254 43
224 641 887 641
552 646 552 393
413 177 413 103
397 900 360 900
138 980 138 55
909 891 909 593
180 30 595 30
823 165 823 660
285 176 375 176
735 230 667 230
934 865 917 865
48 602 737 602
458 401 24 401
118 415 849 415
176 678 176 852
567 753 567 37
555 623 822 623
522 546 674 546
591 103 591 407
434 64 434 401
245 968 275 968
768 366 768 738
488 745 488 94
675 674 675 705
618 237 265 237
802 709 802 59
144 696 144 542
547 381 547 799
78 667 78 916
409 271 302 271
140 571 97 571
682 875 682 534
748 816 748 183
84 622 84 258
909 233 954 233
203 711 203 350
335 904 455 904
578 778 578 21
830 954 902 954
78 252 78 682
920 220 684 220
309 301 104 301
270 795 270 919
906 479 304 479
627 164 627 986
692 810 826 810
183 423 809 423
632 464 567 464
94 266 94 587
261 770 569 770
631 645 187 645
141 238 141 145
357 21 173 21
889 957 807 957
548 331 548 821
675 671 221 671
205 435 205 546
141 86 257 86
49 694 567 694
798 498 798 634
737 475 737 425
758 415 758 490
917 188 917 528
34 820 806 820
85 633 857 633
262 355 262 748
613 570 613 199
300 319 300 108
764 171 764 17
555 921 555 825
241 197 770 197
600 832 600 807
960 730 837 730
785 835 785 58
226 539 16 539
411 940 98 940
289 589 893 589
738 616 738 55
225 54 542 54
840 122 840 233
242 537 242 619
943 898 943 535
819 803 712 803
532 663 532 672
281 326 281 790
815 176 679 176
18 771 18 514
479 377 309 377
704 402 704 150
961 335 492 335
745 829 745 477
556 543 771 543
742 755 742 174
206 735 493 735
445 157 615 157
781 143 781 76
357 14 357 36
771 405 771 422
662 886 169 886
689 990 22 990
680 445 379 445
64 948 64 363
566 514 566 645
528 106 549 106
205 367 821 367
313 105 313 928
532 177 532 664
800 796 911 796
188 900 154 900
540 863 28 863
31 72 78 72
823 648 503 648
879 252 606 252
677 117 677 507
220 491 220 891
216 815 577 815
540 819 745 819
152 721 382 721
280 745 985 745
913 413 649 413
40 678 817 678
467 533 467 214
619 791 221 791
114 622 628 622
951 636 866 636
172 569 775 569
244 972 173 972
68 604 68 156
529 30 529 925
813 883 137 883
893 231 629 231
673 658 673 389
725 899 218 899
317 318 105 318
222 227 440 227
810 371 810 985
928 454 875 454
974 437 974 764
657 13 760 13
498 966 976 966
66 104 66 15
57 920 85 920
879 551 879 662
98 395 98 398
483 685 483 55
222 935 586 935
744 160 744 462
588 973 588 548
591 935 591 86
907 478 907 279
981 75 981 972
316 947 935 947
906 38 906 216
579 29 579 107
444 636 444 557
766 600 766 71
787 238 787 983
583 742 112 742
671 354 671 966
274 340 274 894
673 185 607 185
73 171 874 171
861 526 861 410
739 591 739 138
209 355 209 146
286 501 887 501
495 902 700 902
400 21 154 21
861 301 325 301
552 990 511 990
947 91 374 91
214 228 546 228
516 350 870 350
214 621 678 621
549 558 576 558
364 537 364 312
441 945 441 458
459 531 459 100
277 405 259 405
409 527 409 359
534 766 534 740
534 934 681 934
456 419 83 419
871 986 873 986
911 963 971 963
840 299 840 911
531 45 531 619
599 315 455 315
455 97 455 811
38 748 392 748
841 79 841 88
105 571 105 545
801 458 344 458
491 535 558 535
563 85 405 85
410 396 600 396
671 647 817 647
456 736 110 736
858 931 381 931
723 377 723 281
480 91 817 91
677 91 677 126
249 350 789 350
52 303 52 102
911 201 559 201
46 210 46 275
960 212 554 212
916 408 916 815
834 401 834 169
543 452 543 848
685 491 793 491
552 943 709 943
723 367 124 367
155 267 573 267
59 357 84 357
218 435 218 344
491 584 491 649
676 445 676 333
361 618 783 618
220 295 220 267
965 845 674 845
285 603 47 603
853 417 853 757
859 906 856 906
55 364 753 364
893 474 978 474
214 592 214 286
400 946 745 946
624 510 90 510
329 714 329 850
458 287 657 287
99 385 99 949
273 195 273 306
490 902 490 798
619 131 921 131
266 652 266 730
745 661 745 555
311 878 311 679
735 875 816 875
936 353 936 529
792 467 565 467
141 140 141 988
257 259 257 484
302 453 223 453
301 94 399 94
510 145 510 58
13 661 13 639
218 260 218 54
475 846 475 770
458 644 458 529
912 934 912 136
152 823 550 823
136 470 443 470
11 402 11 42
348 813 348 768
343 495 343 809
117 616 117 273
92 92 732 92
259 944 214 944
630 759 462 759
134 653 134 610
139 181 139 451
598 636 598 442
