846
926
930
592
685
800
340
223
196
766
590
982
571
11
541
553
470
600
595
306
438
609
790
950
554
900
854
946
979
61
508
25
750
500
311
301
168
931
448
668
319
948
58
234
125
566
167
65
971
330
438
84
842
577
701
274
925
142
96
47
599
812
198
663
76
71
602
830
669
966
31
880
657
822
311
614
248
47
27
61
454
573
933
815
848
206
755
68
798
250
545
923
757
402
49
315
504
236
163
426
189
30
821
435
615
601
641
716
646
177
900
980
891
986
67
30
165
176
826
230
865
602
319
17
401
415
678
753
868
623
546
21
103
64
968
510
366
745
674
237
709
696
381
667
271
694
571
875
816
622
696
233
711
904
778
954
252
220
301
795
479
164
960
916
810
951
423
464
266
770
403
645
238
21
248
957
431
331
844
671
143
435
434
86
28
694
344
910
498
498
13
475
473
615
415
208
188
820
633
355
784
577
570
319
171
921
197
832
987
730
50
834
835
633
250
539
940
589
616
54
246
752
18
122
970
361
537
898
865
717
803
663
931
218
326
176
862
771
377
402
335
829
543
336
755
735
216
157
143
717
14
405
886
990
445
369
948
957
920
662
514
106
367
105
177
773
796
80
900
509
863
72
648
252
117
303
491
815
819
721
745
367
413
678
533
68
109
791
622
636
569
972
64
604
30
883
231
658
899
318
706
227
371
321
158
967
454
437
13
966
104
569
496
920
551
395
685
935
926
160
973
572
131
935
478
75
947
38
521
29
636
608
839
600
965
49
238
742
268
354
340
185
171
526
591
355
501
902
889
21
301
990
21
724
46
91
420
228
547
350
138
621
248
558
537
324
945
531
113
405
527
766
934
419
986
59
963
325
184
416
171
299
45
315
97
748
79
571
458
535
814
85
396
670
647
892
736
941
406
895
182
898
214
679
931
377
283
191
380
91
91
651
962
60
350
341
303
201
210
212
374
10
140
408
401
479
452
910
491
943
367
55
267
357
435
584
445
618
295
758
845
603
417
906
364
474
32
445
592
946
37
510
714
287
385
736
195
902
131
652
661
878
982
875
353
467
140
171
259
41
453
363
22
94
110
985
145
661
260
846
644
934
823
470
871
212
402
813
321
495
616
92
31
944
759
653
989
181
636
42
